data
4
50
4 10 200 9.25
4 5 1100 9.5
1 8 1300 9.0
4 5 1600 5.25
3 5 0 9.5
3 2 1800 2.0
3 7 800 4.25
4 12 1000 7.0
5 2 1200 1.75
2 7 1200 8.0
4 11 1100 0.75
4 7 800 7.0
3 5 1800 3.5
2 12 300 7.25
5 10 1500 8.25
3 11 800 6.75
5 2 1900 3.0
5 12 200 7.0
3 3 600 2.0
3 1 500 8.0
4 10 900 1.25
3 10 100 1.0
5 9 600 3.5
1 12 1200 4.25
2 8 1900 0.75
3 5 100 6.75
4 5 700 7.25
3 2 1200 9.0
1 9 800 7.0
1 8 500 9.25
5 11 1400 4.0
4 5 500 7.0
4 1 1900 8.5
5 7 1200 2.75
4 4 1100 0.0
3 4 0 5.5
3 2 300 2.0
5 9 1400 8.0
2 5 200 9.5
1 2 1700 0.25
3 10 400 9.25
5 9 800 7.25
3 10 300 8.75
3 6 200 9.5
1 7 300 6.75
5 8 100 2.0
4 12 800 9.0
3 4 1700 8.25
2 9 200 5.75
1 6 1300 4.75
5 8 1400 4.0
5 8 1300 2.0
1 7 1400 1.5
5 8 1900 4.75
2 2 900 5.5
1 7 500 8.75
4 5 200 0.5
5 10 1800 9.25
1 1 700 8.0
1 10 1800 4.25
1 4 100 0.75
4 8 700 5.25
4 7 400 8.75
2 6 1700 3.25
1 5 0 0.0
2 10 200 3.75
2 4 900 3.25
4 2 1300 8.25
1 6 1000 1.0
2 12 1600 8.75
2 7 600 4.75
5 6 1600 8.5
5 1 1000 9.25
2 9 500 3.25
4 4 1400 9.25
2 7 700 0.25
2 1 1700 5.25
5 4 500 1.75
4 3 1100 7.75
4 8 1900 8.75
4 6 1300 5.0
3 4 1700 2.75
2 4 1800 7.5
2 12 1300 0.75
3 8 1700 6.0
3 9 1400 1.5
3 4 1100 2.5
3 4 200 2.75
2 4 0 3.75
1 4 1100 2.0
1 5 600 7.0
3 6 1900 8.75
1 2 1600 2.5
4 7 100 0.5
1 11 1900 3.25
4 3 1700 6.75
4 7 1900 1.5
3 9 1400 4.75
2 3 500 6.5
3 7 700 0.5
