data
3
100
3 1 2.5
2 6 1.25
4 4 3.75
5 6 8.25
3 7 7.0
4 4 7.75
3 8 7.0
5 10 8.25
3 8 3.75
3 4 7.5
2 7 0.75
3 8 6.5
4 10 5.5
2 11 9.5
3 4 3.0
4 6 6.0
3 5 5.75
4 4 2.0
4 6 9.5
1 5 7.75
2 3 5.5
2 10 6.5
5 8 6.25
3 6 2.5
3 6 3.0
1 9 1.0
3 1 3.5
1 2 6.75
3 5 0.75
1 7 4.25
2 11 1.0
1 6 1.75
1 10 9.25
5 8 3.25
3 1 4.5
2 6 9.5
5 9 5.25
3 8 9.5
4 9 5.25
3 2 2.0
4 3 9.5
2 4 2.75
2 2 2.75
2 2 8.25
2 5 0.75
3 10 7.0
4 7 5.5
1 12 5.5
4 6 6.5
4 2 9.25
3 8 1.75
1 4 7.25
4 6 5.5
4 12 5.75
4 12 8.25
5 8 9.5
2 8 2.75
4 5 3.0
2 12 3.25
1 11 9.75
3 6 3.5
2 5 3.0
4 2 1.25
1 10 6.5
2 9 0.75
1 10 4.0
1 8 8.75
1 7 1.25
4 1 3.5
2 7 0.0
3 2 0.75
5 6 6.0
5 11 3.25
5 8 3.5
5 7 5.75
5 3 3.25
1 8 7.0
1 12 0.0
5 3 8.25
2 9 5.5
4 5 1.0
4 11 4.0
2 7 4.25
4 1 3.25
5 10 3.75
4 10 6.5
4 12 2.0
2 8 2.25
3 12 2.75
4 11 4.75
1 6 1.5
5 4 8.25
1 11 0.75
3 3 3.0
3 5 4.75
2 10 0.5
2 6 7.75
1 4 7.5
1 1 2.5
1 7 8.5
