data
4
100
2 12 600 3.25
1 7 400 4.5
4 2 1700 5.0
5 1 300 6.0
3 10 500 3.25
5 6 900 9.75
2 5 400 5.25
4 7 1000 9.0
2 6 800 1.5
3 3 1100 0.25
3 5 800 3.5
4 5 500 5.75
5 2 300 9.5
5 2 300 3.25
5 11 300 4.75
4 2 300 1.25
4 5 900 8.75
2 10 1300 7.25
5 11 500 1.25
1 8 900 3.0
4 3 100 5.5
2 9 800 6.75
1 4 100 5.75
3 9 400 7.25
5 11 800 5.75
5 6 1500 0.0
1 10 1900 8.75
2 6 500 2.75
1 10 0 9.5
4 8 500 6.25
2 11 1700 6.25
3 6 1100 6.75
3 10 500 8.5
2 9 900 8.75
1 1 1500 8.75
3 10 400 1.5
2 12 300 9.25
2 11 1300 9.75
2 11 1400 9.75
1 4 1900 6.0
4 5 1400 3.5
5 9 1000 4.75
1 11 1500 0.25
2 9 500 6.75
5 11 300 4.25
2 1 400 2.5
4 12 1900 5.25
5 4 1400 8.5
1 10 1500 1.0
1 8 1100 0.5
5 12 0 0.0
2 3 700 2.75
1 3 1200 3.0
2 9 1700 8.5
4 7 0 5.5
5 7 1800 7.0
4 8 1200 6.0
5 4 600 9.25
2 11 600 0.5
4 12 400 6.75
5 4 1600 9.5
1 8 900 0.0
1 3 1600 6.0
4 2 1400 9.25
2 10 1600 9.5
5 9 1200 3.25
5 10 700 2.75
5 9 0 6.5
1 6 0 4.75
2 4 700 7.25
4 3 1500 5.25
1 2 1600 6.25
2 6 1500 3.75
2 9 600 7.75
1 9 200 0.0
2 11 1400 9.25
5 2 400 0.75
1 5 300 0.5
4 4 1700 4.75
4 4 600 9.25
4 4 300 5.5
1 11 900 6.0
3 6 1800 2.5
2 11 1900 4.0
2 10 1000 4.25
2 5 500 2.5
2 8 900 6.25
1 10 0 4.0
3 9 1300 5.0
5 4 700 4.0
1 8 1500 4.75
2 11 700 8.5
3 11 1000 4.0
5 2 700 8.75
4 5 1300 0.0
4 1 200 2.75
5 3 1100 4.0
4 6 1900 3.25
1 2 1600 6.5
1 3 600 7.75
