data
4
50
5 6 1200 7.75
4 9 900 4.0
4 5 1100 1.0
4 9 0 1.5
1 6 600 5.25
1 12 500 3.5
4 8 1400 9.5
4 8 600 3.0
1 7 600 9.75
5 8 500 3.75
3 2 300 6.0
4 9 1500 8.5
3 5 100 1.5
2 6 1200 5.75
3 4 600 9.5
1 6 100 6.25
2 12 1600 4.75
2 12 200 3.25
4 8 800 9.0
1 6 500 8.0
4 4 1300 0.5
2 2 100 5.0
1 7 1200 1.25
4 11 1200 3.0
3 9 300 6.5
3 10 1100 8.75
4 1 1200 9.0
4 9 1500 8.0
1 6 1500 6.0
5 10 1600 3.25
4 10 1400 8.75
2 2 600 9.75
3 4 1500 6.0
2 6 1900 0.5
4 3 1100 5.0
5 8 1800 4.75
3 3 500 9.75
1 4 1300 7.25
1 5 1600 2.75
5 10 500 0.25
4 12 600 0.25
1 5 1800 1.5
2 7 900 7.75
4 8 500 9.5
2 6 1800 5.0
5 1 700 1.0
1 2 1700 9.75
3 7 1200 9.5
5 11 1200 7.75
1 2 1200 9.5
3 12 900 9.5
1 9 300 7.75
5 11 400 1.25
2 9 1300 2.25
2 9 1800 4.25
4 10 1200 6.0
4 12 700 5.5
1 2 1900 4.0
1 4 600 2.25
3 8 300 9.25
1 12 1700 6.25
2 6 400 8.75
4 8 600 4.0
5 4 1600 1.25
4 2 100 5.75
3 12 1600 6.5
5 4 1400 6.5
5 11 400 4.25
5 9 100 5.25
5 9 400 1.0
3 6 100 9.5
3 9 600 5.75
3 6 300 4.0
4 1 1500 5.75
5 9 0 0.5
2 1 0 8.25
5 5 1600 8.5
1 5 200 7.25
1 3 1800 1.5
1 7 1400 8.75
3 2 1600 6.25
1 3 200 7.5
5 11 0 2.25
2 7 1500 4.25
4 6 700 3.0
4 10 1700 1.75
2 12 1700 4.25
3 11 100 7.25
4 6 200 6.0
3 10 0 7.0
2 12 200 7.25
3 11 600 2.5
4 6 100 4.0
4 5 800 2.0
3 2 400 8.75
2 9 200 6.25
1 1 700 9.0
2 11 900 9.25
2 8 1200 9.25
5 4 900 2.25
