train
4
50
5 1 1300 1008.5 7569.375
4 12 1300 1005.5 7637.375
2 1 1400 1007.5 7862.375
1 5 1300 1007.0 7557.5
3 12 1800 1005.0 9252.25
2 4 1500 1007.5 8209.375
1 8 1200 1001.25 7239.8125
1 12 200 1002.25 4023.3125
1 2 200 1008.75 3962.4375
5 4 100 1000.0 3667.5
3 8 1100 1008.5 6957.625
5 8 600 1009.75 5354.1875
2 9 500 1004.75 4993.4375
4 12 1700 1001.5 8926.875
3 12 200 1002.25 4046.5625
3 5 300 1007.0 4322.5
2 3 700 1007.0 5598.25
4 6 1700 1000.5 8874.875
3 5 1900 1000.25 9508.8125
2 10 300 1005.25 4350.0625
5 10 1300 1004.0 7629.75
5 1 1000 1008.25 6588.5625
1 4 1000 1005.75 6571.1875
2 11 800 1003.5 5982.875
3 4 1400 1000.25 7870.8125
2 7 1600 1005.25 8552.3125
2 12 500 1003.0 5016.75
2 6 300 1000.0 4303.75
4 4 100 1006.25 3675.5625
2 12 800 1006.25 6000.5625
2 9 1200 1004.75 7269.4375
4 5 1200 1002.5 7246.625
4 8 1500 1009.5 8266.875
4 6 1500 1001.25 8226.3125
3 5 1100 1008.75 6934.6875
3 12 1800 1001.25 9242.8125
5 2 0 1009.0 3351.75
2 11 500 1005.0 5013.5
1 6 1100 1006.5 6912.625
3 8 100 1009.25 3710.8125
2 3 900 1007.5 6250.875
5 1 1500 1001.25 8198.8125
3 4 800 1004.5 5940.375
1 11 400 1006.5 4675.625
2 1 1200 1001.25 7190.5625
2 9 1300 1005.25 7595.0625
2 5 600 1007.75 5298.1875
5 6 200 1009.0 4035.5
5 2 900 1005.75 6266.1875
5 12 1800 1007.0 9276.5
