train
3
100
2 7 600 461.25
3 1 1800 1352.25
3 5 1600 1208.0
1 11 1600 1220.5
4 2 400 303.75
4 7 600 463.75
4 5 1600 1210.0
2 9 100 89.25
1 10 500 388.75
3 7 1700 1283.5
2 5 100 84.25
5 3 1400 1059.25
2 3 1600 1202.0
1 10 500 392.75
1 1 1900 1429.75
1 10 1700 1291.75
4 9 300 238.5
2 1 100 76.5
3 12 700 542.25
3 12 200 170.5
5 6 1800 1363.25
2 12 100 96.75
1 10 0 13.75
4 9 700 539.0
4 4 1400 1060.75
3 12 900 695.0
3 3 0 3.25
5 12 200 172.0
4 2 900 681.0
5 9 1100 842.75
2 1 600 454.25
1 7 100 84.5
1 7 300 239.25
4 2 200 155.25
2 8 300 234.25
4 4 1900 1436.0
4 1 1000 754.25
4 9 1800 1362.75
2 1 1400 1053.0
4 12 1300 995.25
5 6 500 385.75
1 6 100 87.75
1 1 300 226.25
2 8 300 239.25
2 11 400 317.25
1 11 1000 764.5
3 4 0 8.25
5 3 400 306.25
2 6 1500 1132.75
2 3 700 530.25
1 11 200 167.5
5 3 100 85.25
2 5 1200 909.5
1 8 0 16.25
3 11 1000 766.75
5 5 200 157.0
5 6 700 538.0
2 11 400 320.75
2 4 600 456.25
4 11 1900 1441.75
2 2 800 603.0
1 6 400 312.25
4 8 400 314.75
3 2 1000 756.0
2 11 1200 918.0
4 2 0 6.5
4 3 1400 1055.5
3 6 1500 1133.75
5 1 1900 1428.5
2 2 900 682.75
1 11 1300 990.25
4 6 1100 838.5
2 6 1000 761.0
5 12 500 395.25
1 8 1700 1287.0
4 7 400 312.0
5 11 0 15.75
2 1 0 3.0
5 2 1000 753.5
1 5 900 681.75
1 4 200 155.5
3 8 1200 915.0
3 6 300 235.75
5 7 1700 1288.5
3 8 1800 1364.75
4 7 900 685.75
2 4 1800 1358.0
2 7 1800 1363.75
3 4 500 381.5
4 6 800 609.5
4 5 1500 1136.5
5 6 0 15.25
2 3 800 604.25
2 6 0 7.5
4 7 1900 1438.75
2 7 0 17.0
3 12 100 90.75
3 11 1400 1069.0
1 6 300 234.5
3 12 1500 1144.5
