train
4
50
5 5 900 1000.0 7726.0
1 4 1600 1000.25 9984.4375
5 11 1600 1006.25 10076.1875
4 11 1100 1006.0 8446.25
5 10 1000 1002.75 8101.3125
1 8 700 1000.5 7088.625
3 1 300 1002.75 5756.3125
2 1 1300 1004.25 9012.1875
5 6 500 1001.75 6444.5625
3 6 200 1002.5 5463.875
4 10 300 1009.75 5854.5625
1 12 1600 1000.25 10040.6875
4 7 1800 1007.5 10700.875
4 12 1100 1000.5 8430.375
1 10 100 1003.0 5163.5
4 7 100 1000.75 5144.5625
4 12 1200 1006.0 8777.0
5 6 600 1004.5 6779.625
4 6 500 1003.5 6449.375
5 7 100 1001.25 5149.6875
3 8 1300 1009.0 9089.0
1 6 600 1009.5 6790.125
5 7 1500 1003.75 9710.8125
4 4 1000 1009.75 8090.5625
3 3 600 1000.0 6731.75
4 12 1100 1009.25 8472.6875
4 1 600 1009.25 6768.9375
5 1 1100 1001.25 8356.1875
2 2 1400 1002.5 9335.375
3 3 200 1007.25 5464.6875
3 2 1900 1001.75 10960.3125
2 12 600 1008.5 6832.625
3 9 0 1007.5 4861.125
1 4 400 1002.5 6095.375
3 12 0 1006.75 4876.0625
5 1 1100 1005.0 8374.0
5 5 1400 1003.5 9371.625
4 9 1300 1003.0 9071.25
3 9 1800 1006.0 10702.75
3 12 900 1001.75 7781.3125
4 1 1900 1003.0 10959.5
1 7 1100 1009.0 8424.5
2 8 400 1006.5 6144.125
4 5 1200 1000.5 8699.875
3 9 1500 1009.0 9743.5
5 3 0 1001.25 4794.4375
4 5 100 1009.75 5168.8125
5 7 1500 1001.75 9703.8125
1 11 0 1009.5 4877.375
2 3 1700 1002.5 10315.625
