train
4
100
1 12 1500 1004.5 9237.5
3 1 1600 1003.25 9248.5
5 1 1700 1001.75 9318.75
2 2 1800 1007.5 9432.0
2 7 800 1009.0 8723.75
2 2 900 1003.25 8721.5
3 3 300 1000.25 8263.0
4 3 1600 1003.5 9268.0
4 7 1300 1004.25 9068.75
3 5 200 1005.75 8242.5
3 1 0 1004.0 8054.0
2 11 400 1000.5 8380.25
3 4 500 1004.0 8444.25
1 7 1000 1002.75 8817.25
1 5 1900 1007.25 9516.0
1 5 900 1006.5 8764.75
2 9 800 1001.75 8678.0
4 4 1400 1004.25 9127.75
1 5 1000 1004.25 8822.0
5 8 0 1001.5 8082.25
4 2 1500 1004.0 9188.5
4 10 1800 1003.75 9457.25
4 10 600 1003.75 8556.75
3 2 1200 1001.25 8940.0
5 3 600 1004.75 8529.75
4 9 700 1000.5 8599.5
5 8 1000 1000.5 8824.0
5 3 0 1008.5 8111.0
5 4 100 1003.75 8153.75
3 7 1600 1004.0 9285.0
3 4 600 1004.0 8523.25
2 2 1700 1001.0 9309.75
2 6 100 1006.5 8173.25
5 4 300 1003.75 8305.75
3 8 0 1002.5 8079.25
4 5 500 1005.25 8465.0
5 7 1500 1006.75 9245.5
1 2 1400 1000.25 9069.25
4 7 1500 1005.75 9235.5
3 11 0 1007.0 8135.75
5 1 1800 1008.75 9454.75
5 11 1900 1006.75 9566.5
5 2 1600 1006.25 9289.0
5 1 600 1005.5 8528.25
4 12 1900 1007.0 9571.25
5 1 200 1007.25 8243.0
5 8 1900 1007.0 9553.0
5 12 600 1007.0 8602.75
4 11 1800 1000.0 9435.0
3 3 0 1007.75 8098.5
4 5 900 1000.0 8726.25
3 5 200 1002.5 8215.25
2 8 800 1004.75 8694.5
2 4 1800 1001.25 9393.0
4 2 600 1004.5 8519.25
5 7 600 1005.5 8559.25
4 3 0 1001.5 8054.0
5 10 1300 1004.5 9092.75
4 11 1600 1005.25 9325.0
5 1 1800 1002.75 9403.5
1 7 1100 1001.75 8883.75
5 6 1400 1008.75 9178.0
2 4 500 1009.25 8483.25
5 7 800 1003.25 8692.0
1 3 700 1009.0 8620.25
5 6 800 1005.25 8704.5
3 10 900 1006.0 8793.75
1 2 1900 1008.75 9514.5
4 5 800 1003.25 8675.75
3 8 1600 1007.75 9322.5
3 11 1000 1000.25 8828.75
3 1 200 1002.25 8188.75
4 5 1200 1009.25 9024.25
1 4 1800 1006.25 9431.5
4 3 0 1000.25 8041.75
5 12 1800 1003.25 9468.5
3 6 1300 1003.0 9051.75
5 4 0 1008.0 8110.75
1 10 600 1002.0 8527.25
4 12 0 1001.25 8093.5
5 7 500 1002.0 8457.0
2 3 100 1007.25 8163.75
5 6 700 1005.75 8630.25
3 11 200 1001.25 8238.0
1 10 400 1007.0 8417.0
3 12 1400 1009.75 9208.75
2 1 1600 1005.75 9263.75
1 11 1000 1005.0 8858.25
4 3 100 1003.25 8139.5
1 1 200 1006.5 8217.25
5 5 1500 1000.5 9181.25
1 4 1400 1000.25 9083.75
2 4 400 1002.75 8358.25
3 6 200 1000.0 8197.25
5 2 1600 1006.25 9284.75
3 9 1200 1006.5 9014.75
1 9 200 1009.25 8281.5
2 10 600 1007.75 8580.0
2 6 1700 1008.0 9382.75
4 7 1300 1009.5 9112.75
