train
3
50
1 4 1500 6420.25
2 11 1800 7774.5
3 4 500 2185.0
2 7 1200 5181.25
5 7 1200 5199.0
2 3 1300 5566.0
4 11 600 2680.0
5 8 400 1811.75
4 3 1400 6003.75
3 10 1300 5638.75
4 8 1100 4781.0
2 5 1500 6438.75
4 12 600 2689.75
1 8 0 87.0
4 11 700 3106.25
5 1 0 40.75
3 3 600 2596.25
2 10 1900 8184.75
1 1 700 2990.5
4 4 1700 7287.5
5 6 900 3915.25
5 4 1000 4320.0
2 7 900 3907.5
2 8 1200 5194.0
5 1 1700 7263.75
2 6 900 3897.0
1 8 0 81.25
4 12 200 991.75
2 7 700 3054.0
1 1 500 2141.0
2 12 900 3955.5
2 4 800 3451.0
4 7 900 3920.75
2 3 1000 4292.75
3 5 0 68.25
3 4 400 1760.5
3 2 400 1737.0
4 12 700 3115.5
5 8 400 1808.0
3 1 400 1731.0
1 5 0 56.25
2 3 200 895.0
2 5 1800 7710.5
5 5 1700 7305.5
5 5 700 3057.0
2 7 1700 7308.25
4 7 1500 6471.5
5 5 1800 7727.0
4 1 700 3011.75
5 4 300 1344.5
